808,1084,804,732,1714,1957,2455,909,2027,778,708,1636,1320,2161,1295,1207,1054,684,1644,1624,1183,2257,2287,637,1169,1858,1804,2472,614,1253,1255,1103,1236,845,1444,1381,2349,1853,2023,1181
1084,857,1199,939,1071,1829,1699,2330,961,1950,861,2118,555,2087,1152,2421,1265,837,1489,1003,1701,763,2435,2219,1709,782,522,1577,541,1777,1979,586,1832,952,2169,1233,1778,1544,1848,738
804,1199,2115,855,1518,2036,983,535,1239,1914,1928,2121,1174,1965,2443,769,769,1888,1331,1956,1323,615,1460,516,825,534,1939,1447,750,738,595,1233,1966,526,2344,804,2141,1934,1863,918
732,939,855,1772,1475,984,1698,1157,2236,1244,1079,2134,2222,988,856,2453,686,1930,776,2195,2016,1914,812,567,1207,1586,2248,611,1784,1204,2127,2044,1062,948,1126,1558,1735,792,561,1348
1714,1071,1518,1475,699,2129,2219,2490,960,1682,1192,1977,2161,1757,1579,796,1507,548,2344,742,1449,590,1476,1419,647,2381,930,1249,2051,1477,2071,1561,1694,987,2391,890,2143,1987,1317,1269
1957,1829,2036,984,2129,2145,1316,599,1978,1515,2129,2092,678,868,2053,642,2108,1168,934,1965,992,2019,2294,2416,1813,1713,2330,1985,1249,2046,1942,1331,1382,1021,702,2313,1530,916,1174,2345
2455,1699,983,1698,2219,1316,2241,2374,656,601,1228,2054,1191,1088,2388,617,550,2404,1550,1907,1280,1304,1870,1015,634,1873,2168,2106,1192,2499,2063,1840,718,1378,1016,1869,1792,1522,1815,2004
909,2330,535,1157,2490,599,2374,2310,1297,1661,2188,1256,2166,2006,2096,1209,1787,1280,2328,1357,1717,2495,1349,840,1799,1096,1436,2255,2021,1629,962,1188,1763,1140,633,1517,597,1824,2087,749
2027,961,1239,2236,960,1978,656,1297,635,1529,836,1504,742,2416,1545,863,642,1252,1017,1398,2323,1435,1720,1385,654,1063,1562,908,1941,1822,1444,2083,701,2179,1464,1794,1754,937,763,1822
778,1950,1914,1244,1682,1515,601,1661,1529,2117,1666,501,1027,2280,636,1552,1585,1748,1976,1095,1796,1565,1322,1196,2319,2456,2359,2150,1143,2185,1187,2038,1711,1843,849,1330,1660,1738,2197,2094
708,861,1928,1079,1192,2129,1228,2188,836,1666,860,608,1145,2205,820,1914,1178,1138,1363,2416,1179,2093,716,1988,2161,1425,2020,780,1199,2338,877,588,1305,1700,957,2150,1684,1452,1592,784
1636,2118,2121,2134,1977,2092,2054,1256,1504,501,608,746,1549,807,1186,1331,2167,2310,1443,1161,655,2212,1860,2225,618,2119,969,2254,1131,2080,856,1541,2167,662,1891,986,2098,1947,2350,1296
1320,555,1174,2222,2161,678,1191,2166,742,1027,1145,1549,587,1159,1592,600,1429,1774,578,934,813,543,2484,1143,1014,718,1057,2114,1748,976,1294,1993,1117,1833,558,1952,1826,1916,838,2492
2161,2087,1965,988,1757,868,1088,2006,2416,2280,2205,807,1159,1310,1832,2390,622,1021,605,1311,833,1577,887,1462,1979,852,1466,2447,1200,1683,1274,1710,1796,1498,1594,1814,2410,1646,736,573
1295,1152,2443,856,1579,2053,2388,2096,1545,636,820,1186,1592,1832,1616,2067,1584,1176,755,1286,2044,735,557,565,2233,796,2482,1732,2283,1954,1190,1031,1558,2406,2445,2353,989,716,2218,1287
1207,2421,769,2453,796,642,617,1209,863,1552,1914,1331,600,2390,2067,1654,1636,1770,2219,515,810,785,1347,1509,2342,2015,1555,2303,970,1190,2269,1077,1996,796,1751,1931,1375,2004,964,1509
1054,1265,769,686,1507,2108,550,1787,642,1585,1178,2167,1429,622,1584,1636,1184,2322,2346,1144,830,2400,2323,671,1390,797,839,1935,1253,892,1868,1724,1013,2307,853,1306,1427,981,2326,988
684,837,1888,1930,548,1168,2404,1280,1252,1748,1138,2310,1774,1021,1176,1770,2322,715,1088,933,2162,1460,1175,2141,532,1172,670,2430,569,2350,1048,1371,1378,519,714,1768,1669,2082,631,537
1644,1489,1331,776,2344,934,1550,2328,1017,1976,1363,1443,578,605,755,2219,2346,1088,1526,543,626,1342,854,799,991,2190,1654,2276,901,1276,2328,1408,969,1644,1170,2473,2494,947,1992,2002
1624,1003,1956,2195,742,1965,1907,1357,1398,1095,2416,1161,934,1311,1286,515,1144,933,543,1456,531,1791,771,627,2079,2322,2496,2455,1951,1866,1140,1251,711,875,1089,1257,2059,872,1676,766
1183,1701,1323,2016,1449,992,1280,1717,2323,1796,1179,655,813,833,2044,810,830,2162,626,531,621,1253,1541,610,1538,2079,1970,1194,1077,1476,2056,2121,955,1896,1707,1040,823,816,1470,1061
2257,763,615,1914,590,2019,1304,2495,1435,1565,2093,2212,543,1577,735,785,2400,1460,1342,1791,1253,1563,1749,1652,974,580,2191,1349,2373,2294,1275,2481,655,1029,1709,1036,1121,1909,2025,1530
2287,2435,1460,812,1476,2294,1870,1349,1720,1322,716,1860,2484,887,557,1347,2323,1175,854,771,1541,1749,1672,1189,1953,1624,1179,955,1274,1598,1199,2453,2093,2002,2294,1464,1581,538,981,2473
637,2219,516,567,1419,2416,1015,840,1385,1196,1988,2225,1143,1462,565,1509,671,2141,799,627,610,1652,1189,1275,1954,1696,1979,1587,639,1972,2125,1795,2071,626,1227,833,2044,1936,954,2320
1169,1709,825,1207,647,1813,634,1799,654,2319,2161,618,1014,1979,2233,2342,1390,532,991,2079,1538,974,1953,1954,1947,628,847,1638,709,1690,2389,1782,1955,849,2263,1104,1799,1307,1162,680
1858,782,534,1586,2381,1713,1873,1096,1063,2456,1425,2119,718,852,796,2015,797,1172,2190,2322,2079,580,1624,1696,628,2322,1441,534,889,986,1639,1667,2192,806,2089,2342,853,793,1131,1138
1804,522,1939,2248,930,2330,2168,1436,1562,2359,2020,969,1057,1466,2482,1555,839,670,1654,2496,1970,2191,1179,1979,847,1441,1532,665,1303,1440,863,963,1100,1901,1946,2265,1139,2450,578,1905
2472,1577,1447,611,1249,1985,2106,2255,908,2150,780,2254,2114,2447,1732,2303,1935,2430,2276,2455,1194,1349,955,1587,1638,534,665,904,2160,591,1620,1815,1850,1160,2313,1645,1148,2092,1994,1406
614,541,750,1784,2051,1249,1192,2021,1941,1143,1199,1131,1748,1200,2283,970,1253,569,901,1951,1077,2373,1274,639,709,889,1303,2160,502,2122,523,2168,1794,1868,2041,1362,974,1674,880,1346
1253,1777,738,1204,1477,2046,2499,1629,1822,2185,2338,2080,976,1683,1954,1190,892,2350,1276,1866,1476,2294,1598,1972,1690,986,1440,591,2122,523,2258,1272,1988,2122,549,1725,946,2447,1896,1003
1255,1979,595,2127,2071,1942,2063,962,1444,1187,877,856,1294,1274,1190,2269,1868,1048,2328,1140,2056,1275,1199,2125,2389,1639,863,1620,523,2258,1149,632,1450,2218,864,1992,639,1925,1564,901
1103,586,1233,2044,1561,1331,1840,1188,2083,2038,588,1541,1993,1710,1031,1077,1724,1371,1408,1251,2121,2481,2453,1795,1782,1667,963,1815,2168,1272,632,982,1003,2226,1203,2478,1102,2265,605,2387
1236,1832,1966,1062,1694,1382,718,1763,701,1711,1305,2167,1117,1796,1558,1996,1013,1378,969,711,955,655,2093,2071,1955,2192,1100,1850,1794,1988,1450,1003,1618,1967,508,1294,1529,1591,1920,656
845,952,526,948,987,1021,1378,1140,2179,1843,1700,662,1833,1498,2406,796,2307,519,1644,875,1896,1029,2002,626,849,806,1901,1160,1868,2122,2218,2226,1967,906,1561,700,1710,2049,740,1471
1444,2169,2344,1126,2391,702,1016,633,1464,849,957,1891,558,1594,2445,1751,853,714,1170,1089,1707,1709,2294,1227,2263,2089,1946,2313,2041,549,864,1203,508,1561,2424,2453,1434,2364,946,2466
1381,1233,804,1558,890,2313,1869,1517,1794,1330,2150,986,1952,1814,2353,1931,1306,1768,2473,1257,1040,1036,1464,833,1104,2342,2265,1645,1362,1725,1992,2478,1294,700,2453,1911,2491,1870,1793,2204
2349,1778,2141,1735,2143,1530,1792,597,1754,1660,1684,2098,1826,2410,989,1375,1427,1669,2494,2059,823,1121,1581,2044,1799,853,1139,1148,974,946,639,1102,1529,1710,1434,2491,2187,2070,501,721
1853,1544,1934,792,1987,916,1522,1824,937,1738,1452,1947,1916,1646,716,2004,981,2082,947,872,816,1909,538,1936,1307,793,2450,2092,1674,2447,1925,2265,1591,2049,2364,1870,2070,1980,766,1794
2023,1848,1863,561,1317,1174,1815,2087,763,2197,1592,2350,838,736,2218,964,2326,631,1992,1676,1470,2025,981,954,1162,1131,578,1994,880,1896,1564,605,1920,740,946,1793,501,766,596,1037
1181,738,918,1348,1269,2345,2004,749,1822,2094,784,1296,2492,573,1287,1509,988,537,2002,766,1061,1530,2473,2320,680,1138,1905,1406,1346,1003,901,2387,656,1471,2466,2204,721,1794,1037,1024
