528,2199,733,1912,1981,1319,2239,1939,2001,2139,834,2188,1536,2182,1481,790,2476,1740,2409,1590,1468,1747,2181,1280,2098,2268,530,519,1074,2254,2323,879,1841,1290,701,2237,995,1687,1107,933
2199,1602,1521,773,2070,500,986,939,1608,1559,989,1044,2197,1615,1293,1172,882,1504,784,623,2371,926,1881,2249,1180,1932,795,1253,641,864,2172,1721,854,556,1326,1255,1503,2294,2278,516
733,1521,618,1621,883,1663,938,2133,2004,1483,1746,1426,1111,574,741,1056,1248,2299,1929,2274,2034,903,864,589,1907,1446,1390,949,613,2348,1305,2333,749,2124,1971,507,1199,2140,1233,1105
1912,773,1621,2089,821,1718,2226,1911,2495,1372,2012,1222,1819,837,699,1610,1917,886,1234,1464,1353,1217,629,1682,516,2108,1656,830,2320,2042,1519,1295,1251,1391,974,2297,1184,911,1594,1440
1981,2070,883,821,1850,1971,701,1219,1056,1075,506,1592,1345,2059,1292,1280,1329,975,535,1821,1621,1347,976,1733,1023,1259,1897,923,660,2491,2087,1938,568,2103,878,1760,2000,2179,2163,2424
1319,500,1663,1718,1971,1222,1427,1919,818,1278,558,2440,1643,2401,2222,1391,1755,1108,1126,2407,789,1178,1227,1668,1885,744,2080,1707,1032,1217,1914,2335,1673,1082,1244,981,2197,1173,1914,2496
2239,986,938,2226,701,1427,2165,2400,1062,1570,1328,1886,1854,1392,906,1202,656,2030,2073,2143,2464,655,1760,2473,1635,759,2227,1141,1532,1851,535,1845,751,2302,1279,1743,2465,708,1695,1447
1939,939,2133,1911,1219,1919,2400,1269,2178,2027,1729,1657,855,1607,878,636,2477,2451,2238,2340,1512,1094,1396,1858,2155,1538,1653,2461,2235,1644,1045,2119,1276,663,1623,1045,1041,1528,2352,650
2001,1608,2004,2495,1056,818,1062,2178,938,2043,1760,1304,2485,1865,2440,730,664,1484,1586,1163,1398,1063,1954,1886,2100,2367,651,1496,1301,1511,2226,2460,2014,1300,1338,1934,995,985,1543,564
2139,1559,1483,1372,1075,1278,1570,2027,2043,2158,1449,2196,2230,2004,1449,1740,1646,824,2272,740,1901,1822,1778,657,2026,618,2211,2229,1032,1455,2071,1381,1739,1555,1105,2405,1926,1528,1319,729
834,989,1746,2012,506,558,1328,1729,1760,1449,1673,1788,1865,1319,1806,2092,1852,863,949,1345,602,2134,623,2209,1047,2066,1475,1726,1015,1685,708,956,2141,2213,1509,2225,1086,2036,1227,2399
2188,1044,1426,1222,1592,2440,1886,1657,1304,2196,1788,2268,2274,1096,2436,1832,1264,1807,1653,523,2004,862,1470,711,1076,729,1093,2258,1299,1524,893,543,1348,1379,922,2274,2142,2315,1552,1823
1536,2197,1111,1819,1345,1643,1854,855,2485,2230,1865,2274,1442,644,1398,1788,2459,2492,2087,2202,2417,1661,1583,2251,1063,1690,1264,1394,2320,761,2047,1301,1250,1117,752,1735,864,2234,2184,2028
2182,1615,574,837,2059,2401,1392,1607,1865,2004,1319,1096,644,1670,2042,716,1766,2459,1210,1081,1226,1273,1643,2352,785,1491,1921,2197,512,1101,961,2301,1402,1451,1615,2188,1140,2194,1342,1684
1481,1293,741,699,1292,2222,906,878,2440,1449,1806,2436,1398,2042,914,1676,779,1282,1592,1445,1267,1887,1992,1884,2191,1493,2292,2373,1106,2471,1059,2133,1040,585,1030,1087,1918,1536,2275,1831
790,1172,1056,1610,1280,1391,1202,636,730,1740,2092,1832,1788,716,1676,984,2388,1189,1483,2176,2407,1055,608,2300,992,1136,2429,1330,2162,971,1830,1828,2194,1717,1870,919,643,978,2218,2142
2476,882,1248,1917,1329,1755,656,2477,664,1646,1852,1264,2459,1766,779,2388,732,2481,1986,1222,2059,1707,2118,1388,914,1114,2124,1858,1301,1939,1482,1355,1593,825,1009,587,1730,1169,904,2311
1740,1504,2299,886,975,1108,2030,2451,1484,824,863,1807,2492,2459,1282,1189,2481,1984,2406,1550,1525,543,825,877,1982,1160,1488,2217,1901,2303,592,1574,1046,1706,1099,1272,748,1836,1414,643
2409,784,1929,1234,535,1126,2073,2238,1586,2272,949,1653,2087,1210,1592,1483,1986,2406,1329,971,1224,2186,1907,1002,789,2110,1231,2167,2245,1130,649,1192,1837,931,772,895,1489,1213,1510,2016
1590,623,2274,1464,1821,2407,2143,2340,1163,740,1345,523,2202,1081,1445,2176,1222,1550,971,1648,1769,1654,607,521,2480,1403,1740,2237,1379,590,1031,560,2183,2386,1283,758,2430,2427,2263,1971
1468,2371,2034,1353,1621,789,2464,1512,1398,1901,602,2004,2417,1226,1267,2407,2059,1525,1224,1769,1312,963,1479,1960,2214,740,2085,783,586,559,2475,858,2174,2024,2075,510,792,1219,1611,1885
1747,926,903,1217,1347,1178,655,1094,1063,1822,2134,862,1661,1273,1887,1055,1707,543,2186,1654,963,591,1985,858,1126,586,805,1075,1109,2249,1208,1810,820,1954,1309,1630,2136,1193,1033,1688
2181,1881,864,629,976,1227,1760,1396,1954,1778,623,1470,1583,1643,1992,608,2118,825,1907,607,1479,1985,515,513,1919,617,1792,776,1043,2184,1904,645,2099,1849,2343,782,836,1775,615,2262
1280,2249,589,1682,1733,1668,2473,1858,1886,657,2209,711,2251,2352,1884,2300,1388,877,1002,521,1960,858,513,2169,2384,812,912,1224,762,551,999,2032,2304,1117,2060,2454,868,1764,688,1166
2098,1180,1907,516,1023,1885,1635,2155,2100,2026,1047,1076,1063,785,2191,992,914,1982,789,2480,2214,1126,1919,2384,2416,861,1183,1273,2447,1431,844,2104,1511,1720,877,2151,525,1236,1173,1772
2268,1932,1446,2108,1259,744,759,1538,2367,618,2066,729,1690,1491,1493,1136,1114,1160,2110,1403,740,586,617,812,861,2432,2032,1169,1472,1459,1051,947,1359,621,2087,1551,2193,2004,552,1816
530,795,1390,1656,1897,2080,2227,1653,651,2211,1475,1093,1264,1921,2292,2429,2124,1488,1231,1740,2085,805,1792,912,1183,2032,570,1668,1532,1679,664,1609,1649,645,2457,757,1987,1805,2369,1358
519,1253,949,830,923,1707,1141,2461,1496,2229,1726,2258,1394,2197,2373,1330,1858,2217,2167,2237,783,1075,776,1224,1273,1169,1668,665,1599,1863,1292,804,1806,706,2003,656,1294,2415,2414,799
1074,641,613,2320,660,1032,1532,2235,1301,1032,1015,1299,2320,512,1106,2162,1301,1901,2245,1379,586,1109,1043,762,2447,1472,1532,1599,1454,564,1148,1838,947,2039,585,1400,1205,997,2190,999
2254,864,2348,2042,2491,1217,1851,1644,1511,1455,1685,1524,761,1101,2471,971,1939,2303,1130,590,559,2249,2184,551,1431,1459,1679,1863,564,533,1502,721,1804,2405,2303,1030,2190,1767,732,2191
2323,2172,1305,1519,2087,1914,535,1045,2226,2071,708,893,2047,961,1059,1830,1482,592,649,1031,2475,1208,1904,999,844,1051,664,1292,1148,1502,2313,1449,2293,2276,1249,2360,1480,737,1092,1032
879,1721,2333,1295,1938,2335,1845,2119,2460,1381,956,543,1301,2301,2133,1828,1355,1574,1192,560,858,1810,645,2032,2104,947,1609,804,1838,721,1449,1235,2431,571,1837,1347,1667,1122,1785,2225
1841,854,749,1251,568,1673,751,1276,2014,1739,2141,1348,1250,1402,1040,2194,1593,1046,1837,2183,2174,820,2099,2304,1511,1359,1649,1806,947,1804,2293,2431,2127,1123,2327,1848,1987,1563,1378,589
1290,556,2124,1391,2103,1082,2302,663,1300,1555,2213,1379,1117,1451,585,1717,825,1706,931,2386,2024,1954,1849,1117,1720,621,645,706,2039,2405,2276,571,1123,2415,507,2352,589,1018,986,2169
701,1326,1971,974,878,1244,1279,1623,1338,1105,1509,922,752,1615,1030,1870,1009,1099,772,1283,2075,1309,2343,2060,877,2087,2457,2003,585,2303,1249,1837,2327,507,2029,1497,1009,1835,558,1171
2237,1255,507,2297,1760,981,1743,1045,1934,2405,2225,2274,1735,2188,1087,919,587,1272,895,758,510,1630,782,2454,2151,1551,757,656,1400,1030,2360,1347,1848,2352,1497,516,1635,2014,911,1264
995,1503,1199,1184,2000,2197,2465,1041,995,1926,1086,2142,864,1140,1918,643,1730,748,1489,2430,792,2136,836,868,525,2193,1987,1294,1205,2190,1480,1667,1987,589,1009,1635,1288,2156,710,2279
1687,2294,2140,911,2179,1173,708,1528,985,1528,2036,2315,2234,2194,1536,978,1169,1836,1213,2427,1219,1193,1775,1764,1236,2004,1805,2415,997,1767,737,1122,1563,1018,1835,2014,2156,727,1042,1956
1107,2278,1233,1594,2163,1914,1695,2352,1543,1319,1227,1552,2184,1342,2275,2218,904,1414,1510,2263,1611,1033,615,688,1173,552,2369,2414,2190,732,1092,1785,1378,986,558,911,710,1042,646,1791
933,516,1105,1440,2424,2496,1447,650,564,729,2399,1823,2028,1684,1831,2142,2311,643,2016,1971,1885,1688,2262,1166,1772,1816,1358,799,999,2191,1032,2225,589,2169,1171,1264,2279,1956,1791,1912
