1708,1077,941,797,2096,549,505,1344,1675,944,2310,2007,1022,601,1238,840,1408,1493,639,2133,2308,1785,2306,899,2189,2230,2166,1174,2384,1299,2206,1473,1169,1779,1277,2186,1876,697,616,707
1077,1741,2217,1282,2489,1128,1830,1872,2081,2171,987,2184,1523,2248,2491,2236,1204,1141,1932,994,662,1172,1858,573,911,2459,1343,1521,2114,1085,536,1346,1859,862,2466,2132,1254,2131,880,2219
941,2217,2395,1049,873,1136,726,1621,793,752,537,967,1453,1041,1226,1427,1463,1109,2284,2093,653,2370,1938,2265,2210,2218,2338,1099,1258,2339,1487,1735,2472,1935,893,1377,1650,884,671,1038
797,1282,1049,2363,605,1133,1294,2094,1557,1460,967,2211,1224,2303,1837,1214,1177,2002,1971,1713,701,1344,1709,1650,1047,1293,688,565,1036,1502,991,1693,863,1094,2495,1006,2436,938,579,541
2096,2489,873,605,2360,1662,1258,1363,2290,751,680,588,1929,1972,2255,769,723,2063,1330,2008,1796,694,1749,1124,2046,1709,572,874,1831,646,1995,1053,2402,2247,647,737,1748,1987,2083,2282
549,1128,1136,1133,1662,1586,1609,1754,1040,767,1348,633,2095,1809,1751,1968,1782,1677,1380,1058,2314,855,2255,2404,2238,1538,1726,2362,631,1875,1379,1351,1929,1470,1378,2128,1591,582,2305,888
505,1830,726,1294,1258,1609,1857,2033,1586,1569,1050,2092,1591,1423,1528,1369,2427,1337,1071,2189,2355,2340,676,859,1010,1891,699,2152,1549,1995,1815,568,1111,2079,1084,1054,1413,2004,2480,2047
1344,1872,1621,2094,1363,1754,2033,1519,2287,547,1855,1586,1030,1019,800,953,1321,2298,1471,2409,990,1746,1410,1731,2280,761,587,2030,1610,2337,896,1997,1913,895,1603,516,1946,1831,681,1798
1675,2081,793,1557,2290,1040,1586,2287,971,1322,2460,2036,2326,1995,1260,1924,737,1024,1221,2003,909,1037,1051,1347,817,1382,1346,1657,576,1294,1373,1432,1229,1898,897,2134,1725,1790,1346,2357
944,2171,752,1460,751,767,1569,547,1322,1163,876,2176,1211,904,1680,1027,1148,865,2320,1507,1789,1162,1586,2166,1841,583,2217,671,1692,1965,2057,2242,2162,670,1286,1619,839,1504,2133,854
2310,987,537,967,680,1348,1050,1855,2460,876,1104,1477,870,1794,1884,2374,1768,2104,1649,559,1582,1696,981,2434,1708,748,1675,1988,1238,609,678,650,1201,1492,748,1030,2319,2119,1056,1421
2007,2184,967,2211,588,633,2092,1586,2036,2176,1477,1825,2280,1991,1205,2385,2308,1122,2024,2159,1735,2333,1141,2048,694,860,1151,2311,1173,2260,1899,1257,2455,1481,2188,505,2224,2237,1863,523
1022,1523,1453,1224,1929,2095,1591,1030,2326,1211,870,2280,596,1263,692,597,1491,1012,1404,1829,810,2117,2486,1164,1211,871,2341,590,652,2156,1101,2269,720,1419,2306,2031,2236,1877,1593,2423
601,2248,1041,2303,1972,1809,1423,1019,1995,904,1794,1991,1263,2256,2479,1341,2037,1788,1124,790,711,1875,597,1548,566,1177,1093,819,840,834,1752,750,575,2209,1764,706,2096,1722,2363,1651
1238,2491,1226,1837,2255,1751,1528,800,1260,1680,1884,1205,692,2479,1026,505,2277,555,2243,1652,1339,1154,971,708,2001,871,1069,1195,924,2445,813,2317,895,1401,1249,799,1743,558,1994,1573
840,2236,1427,1214,769,1968,1369,953,1924,1027,2374,2385,597,1341,505,1051,1697,2171,1727,846,1299,785,2313,1762,2478,1259,2111,746,1112,1164,501,924,2339,1079,1647,1930,1748,1346,1169,522
1408,1204,1463,1177,723,1782,2427,1321,737,1148,1768,2308,1491,2037,2277,1697,801,2242,634,2184,1371,612,1253,838,1628,2290,802,618,2378,2145,1509,2025,855,1093,1953,1431,679,994,1995,888
1493,1141,1109,2002,2063,1677,1337,2298,1024,865,2104,1122,1012,1788,555,2171,2242,1870,1913,1127,1373,1915,1609,796,670,793,1804,1651,580,1468,1093,771,1617,1144,840,1885,1211,1665,2138,1350
639,1932,2284,1971,1330,1380,1071,1471,1221,2320,1649,2024,1404,1124,2243,1727,634,1913,1780,756,1419,724,1946,876,1128,1489,2123,1819,554,1393,1419,759,2405,1158,2270,2243,2221,933,1352,595
2133,994,2093,1713,2008,1058,2189,2409,2003,1507,559,2159,1829,790,1652,846,2184,1127,756,627,1809,2222,1711,1783,2034,1780,2333,1959,2486,951,834,1063,1075,972,704,2122,2093,2182,1197,2020
2308,662,653,701,1796,2314,2355,990,909,1789,1582,1735,810,711,1339,1299,1371,1373,1419,1809,785,912,2496,2364,1153,1708,926,1737,2257,1725,677,948,549,1320,684,2051,1010,2352,1796,1033
1785,1172,2370,1344,694,855,2340,1746,1037,1162,1696,2333,2117,1875,1154,785,612,1915,724,2222,912,1575,1717,1231,1713,2470,2093,1604,1489,980,2326,1356,2244,1686,2003,1145,2125,1551,1657,1072
2306,1858,1938,1709,1749,2255,676,1410,1051,1586,981,1141,2486,597,971,2313,1253,1609,1946,1711,2496,1717,2474,1369,2210,1077,1377,1067,694,1306,1744,946,1244,1551,2122,2385,840,982,1796,2380
899,573,2265,1650,1124,2404,859,1731,1347,2166,2434,2048,1164,1548,708,1762,838,796,876,1783,2364,1231,1369,734,1606,1804,1496,2333,2215,701,784,729,1599,1934,2496,2328,2481,1699,1982,940
2189,911,2210,1047,2046,2238,1010,2280,817,1841,1708,694,1211,566,2001,2478,1628,670,1128,2034,1153,1713,2210,1606,2418,1353,1343,956,2105,1954,1636,2398,641,2113,580,2143,1918,1482,594,933
2230,2459,2218,1293,1709,1538,1891,761,1382,583,748,860,871,1177,871,1259,2290,793,1489,1780,1708,2470,1077,1804,1353,790,1153,2137,742,2441,1597,1686,1509,2146,1056,1628,1198,1653,1966,1454
2166,1343,2338,688,572,1726,699,587,1346,2217,1675,1151,2341,1093,1069,2111,802,1804,2123,2333,926,2093,1377,1496,1343,1153,638,549,1490,1513,815,2477,811,1943,701,1741,1018,1287,1802,539
1174,1521,1099,565,874,2362,2152,2030,1657,671,1988,2311,590,819,1195,746,618,1651,1819,1959,1737,1604,1067,2333,956,2137,549,2193,1789,1845,835,1259,777,1862,1380,1661,1703,2050,1368,1963
2384,2114,1258,1036,1831,631,1549,1610,576,1692,1238,1173,652,840,924,1112,2378,580,554,2486,2257,1489,694,2215,2105,742,1490,1789,1674,2455,894,1332,1502,1110,1221,2135,1292,1778,1502,1522
1299,1085,2339,1502,646,1875,1995,2337,1294,1965,609,2260,2156,834,2445,1164,2145,1468,1393,951,1725,980,1306,701,1954,2441,1513,1845,2455,1693,2257,1288,2097,2408,511,1541,2161,903,1122,1560
2206,536,1487,991,1995,1379,1815,896,1373,2057,678,1899,1101,1752,813,501,1509,1093,1419,834,677,2326,1744,784,1636,1597,815,835,894,2257,1985,562,1077,1394,1732,1416,1069,2387,654,787
1473,1346,1735,1693,1053,1351,568,1997,1432,2242,650,1257,2269,750,2317,924,2025,771,759,1063,948,1356,946,729,2398,1686,2477,1259,1332,1288,562,1829,2350,1832,2205,1460,874,951,1567,1694
1169,1859,2472,863,2402,1929,1111,1913,1229,2162,1201,2455,720,575,895,2339,855,1617,2405,1075,549,2244,1244,1599,641,1509,811,777,1502,2097,1077,2350,515,2174,2435,2002,1855,1535,1049,1111
1779,862,1935,1094,2247,1470,2079,895,1898,670,1492,1481,1419,2209,1401,1079,1093,1144,1158,972,1320,1686,1551,1934,2113,2146,1943,1862,1110,2408,1394,1832,2174,1789,560,2213,1349,1428,1102,602
1277,2466,893,2495,647,1378,1084,1603,897,1286,748,2188,2306,1764,1249,1647,1953,840,2270,704,684,2003,2122,2496,580,1056,701,1380,1221,511,1732,2205,2435,560,1508,1082,1894,1574,2410,1075
2186,2132,1377,1006,737,2128,1054,516,2134,1619,1030,505,2031,706,799,1930,1431,1885,2243,2122,2051,1145,2385,2328,2143,1628,1741,1661,2135,1541,1416,1460,2002,2213,1082,2358,1638,635,913,877
1876,1254,1650,2436,1748,1591,1413,1946,1725,839,2319,2224,2236,2096,1743,1748,679,1211,2221,2093,1010,2125,840,2481,1918,1198,1018,1703,1292,2161,1069,874,1855,1349,1894,1638,1342,845,2049,1784
697,2131,884,938,1987,582,2004,1831,1790,1504,2119,2237,1877,1722,558,1346,994,1665,933,2182,2352,1551,982,1699,1482,1653,1287,2050,1778,903,2387,951,1535,1428,1574,635,845,1968,1940,1068
616,880,671,579,2083,2305,2480,681,1346,2133,1056,1863,1593,2363,1994,1169,1995,2138,1352,1197,1796,1657,1796,1982,594,1966,1802,1368,1502,1122,654,1567,1049,1102,2410,913,2049,1940,1344,663
707,2219,1038,541,2282,888,2047,1798,2357,854,1421,523,2423,1651,1573,522,888,1350,595,2020,1033,1072,2380,940,933,1454,539,1963,1522,1560,787,1694,1111,602,1075,877,1784,1068,663,1768
