553,793,1633,774,1854,848,2184,1106,700,1238,643,598,1623,2478,1364,1591,2228,556,2097,791,502,2132,1629,1932,1025,2155,892,1850,1769,1460,1331,2067,2499,1843,2021,749,706,764,1942,971
793,976,998,2180,2091,773,725,2379,1165,1070,746,1960,582,1584,1081,2032,1899,1455,581,1814,1312,1950,2100,2079,1176,1746,1223,1263,2248,2270,645,1609,692,568,1040,1506,2159,1041,508,798
1633,998,2232,1091,1278,626,1817,2143,1189,2378,1522,2129,1870,1986,1176,700,1358,2254,2286,1557,2136,881,1993,1967,1681,2095,669,1919,1692,2253,525,1672,1710,863,814,1071,1882,1224,1795,1608
774,2180,1091,1755,1478,1609,878,1402,1066,969,568,2387,1986,1877,1271,2188,2114,1891,640,1799,910,773,919,1529,2041,1968,1632,1734,2297,648,527,562,848,609,1432,1233,788,799,591,1975
1854,2091,1278,1478,2195,1133,1982,1831,1500,1442,2385,2113,1006,2150,1287,2020,2382,957,1254,1635,2208,1978,2176,676,1176,1330,1610,1961,2137,1897,1704,2407,601,1587,1950,769,666,1252,879,1021
848,773,626,1609,1133,1850,2382,842,1334,919,522,1572,520,1808,1329,1771,1191,1095,2025,1732,2264,1570,1845,1697,576,979,1977,1928,1522,640,1194,1084,770,1276,1914,2033,1316,1788,2191,2444
2184,725,1817,878,1982,2382,852,1336,1856,506,773,1428,969,1084,1267,2265,2073,770,1730,1965,2116,2368,822,2338,2159,2394,739,1789,2076,516,2094,2227,1136,626,1001,982,1935,2424,2313,2396
1106,2379,2143,1402,1831,842,1336,2104,1746,1991,1251,1739,2286,2152,2298,2371,874,1408,2162,1940,1751,2340,2174,1779,1883,1847,995,756,1993,1998,1684,1226,2070,2204,2261,2169,2085,885,987,1445
700,1165,1189,1066,1500,1334,1856,1746,1968,1336,2035,1199,940,1517,1190,2317,1963,2201,1829,1980,863,593,612,1825,958,903,2024,591,940,961,1796,1498,523,2099,1116,1686,2145,1663,1573,2488
1238,1070,2378,969,1442,919,506,1991,1336,1602,1541,642,1675,797,1580,1706,2191,1810,1006,2269,2448,1044,1519,1728,1890,1224,1474,566,1864,1394,1308,900,630,2182,1344,510,2482,1463,2275,888
643,746,1522,568,2385,522,773,1251,2035,1541,2150,2414,1167,1627,936,1019,2479,733,770,1583,2034,1759,2251,1740,1964,1478,1109,1385,755,2437,516,744,2216,1472,1661,733,721,589,1620,1517
598,1960,2129,2387,2113,1572,1428,1739,1199,642,2414,828,2213,788,1349,1279,769,1511,1541,553,1517,1107,535,1424,911,685,673,1255,1273,842,1269,978,960,908,1768,1476,2328,1336,1390,723
1623,582,1870,1986,1006,520,969,2286,940,1675,1167,2213,1156,2321,1985,1199,505,1741,1357,2476,624,1344,997,507,2414,1487,638,1583,2423,2158,1804,781,2335,1744,1634,1705,1945,1738,1942,2023
2478,1584,1986,1877,2150,1808,1084,2152,1517,797,1627,788,2321,1260,2417,589,1737,2092,1797,1180,1413,940,1337,1374,947,1024,1523,1733,2009,1933,1478,2087,1306,2117,1574,695,651,782,1112,537
1364,1081,1176,1271,1287,1329,1267,2298,1190,1580,936,1349,1985,2417,2032,1450,667,761,1727,760,1698,1662,2044,2177,1170,1079,1227,1448,1310,1786,1216,1155,1065,2138,959,581,1001,2331,2396,2466
1591,2032,700,2188,2020,1771,2265,2371,2317,1706,1019,1279,1199,589,1450,696,2126,1137,799,2449,2215,862,1482,1563,1052,2079,2066,605,512,1673,907,504,1544,2463,890,1986,551,982,1011,670
2228,1899,1358,2114,2382,1191,2073,874,1963,2191,2479,769,505,1737,667,2126,1488,1134,1579,1392,2311,2348,1213,1820,1289,1562,1124,977,1626,988,533,2437,1823,1607,1955,2123,1771,1997,738,1000
556,1455,2254,1891,957,1095,770,1408,2201,1810,733,1511,1741,2092,761,1137,1134,751,1644,877,1737,555,1373,1200,1009,2198,750,1284,1659,691,1218,748,603,951,1439,1453,2469,1382,1751,1818
2097,581,2286,640,1254,2025,1730,2162,1829,1006,770,1541,1357,1797,1727,799,1579,1644,1621,2424,2110,661,748,626,1132,1821,1197,2261,2350,1991,2189,1426,2233,2422,2240,2304,2368,1214,1657,2001
791,1814,1557,1799,1635,1732,1965,1940,1980,2269,1583,553,2476,1180,760,2449,1392,877,2424,2079,1833,608,2035,1771,2185,1402,549,1563,1030,1163,1847,1557,2277,1910,797,715,1835,544,1723,2018
502,1312,2136,910,2208,2264,2116,1751,863,2448,2034,1517,624,1413,1698,2215,2311,1737,2110,1833,659,935,2427,2196,2155,1015,1142,659,1422,1897,1879,588,546,719,993,1957,2009,2319,730,2368
2132,1950,881,773,1978,1570,2368,2340,593,1044,1759,1107,1344,940,1662,862,2348,555,661,608,935,1349,776,1193,2118,1862,1257,2460,1794,2316,2417,1782,919,907,2339,2171,743,743,2163,1903
1629,2100,1993,919,2176,1845,822,2174,612,1519,2251,535,997,1337,2044,1482,1213,1373,748,2035,2427,776,875,552,1982,544,2370,697,989,809,1879,1238,1845,2295,2239,1315,619,1504,559,1092
1932,2079,1967,1529,676,1697,2338,1779,1825,1728,1740,1424,507,1374,2177,1563,1820,1200,626,1771,2196,1193,552,1512,1924,1178,714,958,650,763,1208,2388,1865,1326,1841,1421,900,2038,1608,1773
1025,1176,1681,2041,1176,576,2159,1883,958,1890,1964,911,2414,947,1170,1052,1289,1009,1132,2185,2155,2118,1982,1924,1835,1703,640,1898,2008,1441,2044,1494,1961,2468,1031,2213,2002,612,2452,2219
2155,1746,2095,1968,1330,979,2394,1847,903,1224,1478,685,1487,1024,1079,2079,1562,2198,1821,1402,1015,1862,544,1178,1703,891,559,2253,1771,2411,1796,813,643,1869,543,643,1921,1624,1234,867
892,1223,669,1632,1610,1977,739,995,2024,1474,1109,673,638,1523,1227,2066,1124,750,1197,549,1142,1257,2370,714,640,559,1823,1045,972,522,1145,1395,1861,718,1167,1610,1748,2484,1316,1645
1850,1263,1919,1734,1961,1928,1789,756,591,566,1385,1255,1583,1733,1448,605,977,1284,2261,1563,659,2460,697,958,1898,2253,1045,1057,1023,2429,586,513,1799,1642,2259,1508,1177,939,1992,1372
1769,2248,1692,2297,2137,1522,2076,1993,940,1864,755,1273,2423,2009,1310,512,1626,1659,2350,1030,1422,1794,989,650,2008,1771,972,1023,1034,2257,1368,1854,1508,2303,1426,1078,2164,1782,2091,1426
1460,2270,2253,648,1897,640,516,1998,961,1394,2437,842,2158,1933,1786,1673,988,691,1991,1163,1897,2316,809,763,1441,2411,522,2429,2257,1340,1211,1195,1674,1060,1113,1191,1270,1798,1394,1136
1331,645,525,527,1704,1194,2094,1684,1796,1308,516,1269,1804,1478,1216,907,533,1218,2189,1847,1879,2417,1879,1208,2044,1796,1145,586,1368,1211,724,1255,2427,2362,1779,677,2003,2192,706,1840
2067,1609,1672,562,2407,1084,2227,1226,1498,900,744,978,781,2087,1155,504,2437,748,1426,1557,588,1782,1238,2388,1494,813,1395,513,1854,1195,1255,1808,2479,1279,1634,1204,2218,1749,2412,2261
2499,692,1710,848,601,770,1136,2070,523,630,2216,960,2335,1306,1065,1544,1823,603,2233,2277,546,919,1845,1865,1961,643,1861,1799,1508,1674,2427,2479,1813,1616,1898,1774,1259,2401,2467,678
1843,568,863,609,1587,1276,626,2204,2099,2182,1472,908,1744,2117,2138,2463,1607,951,2422,1910,719,907,2295,1326,2468,1869,718,1642,2303,1060,2362,1279,1616,564,1021,2433,1239,1456,554,553
2021,1040,814,1432,1950,1914,1001,2261,1116,1344,1661,1768,1634,1574,959,890,1955,1439,2240,797,993,2339,2239,1841,1031,543,1167,2259,1426,1113,1779,1634,1898,1021,1557,1040,604,999,1367,1567
749,1506,1071,1233,769,2033,982,2169,1686,510,733,1476,1705,695,581,1986,2123,1453,2304,715,1957,2171,1315,1421,2213,643,1610,1508,1078,1191,677,1204,1774,2433,1040,790,1231,2003,2276,1167
706,2159,1882,788,666,1316,1935,2085,2145,2482,721,2328,1945,651,1001,551,1771,2469,2368,1835,2009,743,619,900,2002,1921,1748,1177,2164,1270,2003,2218,1259,1239,604,1231,1191,1320,1675,1816
764,1041,1224,799,1252,1788,2424,885,1663,1463,589,1336,1738,782,2331,982,1997,1382,1214,544,2319,743,1504,2038,612,1624,2484,939,1782,1798,2192,1749,2401,1456,999,2003,1320,1106,1198,599
1942,508,1795,591,879,2191,2313,987,1573,2275,1620,1390,1942,1112,2396,1011,738,1751,1657,1723,730,2163,559,1608,2452,1234,1316,1992,2091,1394,706,2412,2467,554,1367,2276,1675,1198,2281,1523
971,798,1608,1975,1021,2444,2396,1445,2488,888,1517,723,2023,537,2466,670,1000,1818,2001,2018,2368,1903,1092,1773,2219,867,1645,1372,1426,1136,1840,2261,678,553,1567,1167,1816,599,1523,2162
